image: map_2.pgm
resolution: 0.050000
origin: [-40.985004, -25.624998, 0.000000]
negate: 0
occupied_thresh: 0.65
free_thresh: 0.196

